1 1 0.0 0.026455026455026454 0.0 0.09523809523809523 0.05291005291005291 0.0 0 0.010582010582010581 0 0.0 0 0.20634920634920634 0.0 0.0 0 0 1 
1 1 0.0 0.005537098560354375 0.0 0.04540420819490587 0.08194905869324474 0.0 0 0.009966777408637873 0 0.0 0 0.09966777408637874 0.0 0.0011074197120708748 0 0 1 
1 1 0.0 0.002793296089385475 0.0 0.08379888268156424 0.055865921787709494 0.0 0 0.013966480446927373 0 0.0 0 0.08379888268156424 0.0 0.0 0 0 1 
1 1 0.0 0.02694610778443114 0.0 0.08682634730538923 0.0718562874251497 0.0 0 0.008982035928143712 0 0.0 0 0.11676646706586827 0.0 0.005988023952095809 0 0 1 
1 1 0.0 0.03731343283582089 0.0 0.07711442786069651 0.06716417910447761 0.0 0 0.0024875621890547263 0 0.0 0 0.12935323383084577 0.0 0.009950248756218905 0 0 1 
1 1 0.0 0.006097560975609756 0.0 0.0975609756097561 0.06707317073170732 0.0 0 0.009146341463414634 0 0.0 0 0.0701219512195122 0.0 0.003048780487804878 0 0 1 
1 1 0.0 0.00804289544235925 0.0 0.09651474530831099 0.05361930294906166 0.0 0 0.005361930294906166 0 0.0 0 0.12332439678284182 0.0 0.0 0 0 1 
1 1 0.0 0.020134228187919462 0.0 0.0738255033557047 0.12080536912751678 0.0 0 0.020134228187919462 0 0.0 0 0.15436241610738255 0.0 0.020134228187919462 0 0 1 
1 1 0.009615384615384616 0.038461538461538464 0.0 0.1346153846153846 0.038461538461538464 0.0 0 0.0 0 0.0 0 0.21153846153846154 0.0 0.0 0 0 1 
1 1 0.0 0.03225806451612903 0.0 0.04838709677419355 0.04838709677419355 0.0 0 0.016129032258064516 0 0.0 0 0.04838709677419355 0.0 0.0 0 0 1 
1 1 0.0 0.03225806451612903 0.0 0.04838709677419355 0.04838709677419355 0.0 0 0.016129032258064516 0 0.0 0 0.04838709677419355 0.0 0.0 0 0 1 
1 1 0.0 0.03225806451612903 0.0 0.04838709677419355 0.04838709677419355 0.0 0 0.016129032258064516 0 0.0 0 0.04838709677419355 0.0 0.0 0 0 1 
1 1 0.0 0.026455026455026454 0.0 0.09523809523809523 0.05291005291005291 0.0 0 0.010582010582010581 0 0.0 0 0.20634920634920634 0.0 0.0 0 0 1 
1 1 0.0 0.026455026455026454 0.0 0.09523809523809523 0.05291005291005291 0.0 0 0.010582010582010581 0 0.0 0 0.20634920634920634 0.0 0.0 0 0 1 
1 1 0.0 0.013452914798206279 0.0 0.1210762331838565 0.03587443946188341 0.0 0 0.0 0 0.0 0 0.08968609865470852 0.0 0.0 0 0 1 
1 1 0.0 0.005537098560354375 0.0 0.04540420819490587 0.08194905869324474 0.0 0 0.009966777408637873 0 0.0 0 0.09966777408637874 0.0 0.0011074197120708748 0 0 1 
1 1 0.0 0.006230529595015576 0.0 0.04672897196261682 0.06542056074766354 0.0 0 0.0 0 0.0 0 0.102803738317757 0.0 0.0 0 0 1 
1 1 0.0 0.0 0.0 0.06666666666666667 0.06666666666666667 0.0 0 0.03333333333333333 0 0.0 0 0.13333333333333333 0.0 0.03333333333333333 0 0 1 
1 1 0.0 0.01904761904761905 0.0 0.06857142857142857 0.03428571428571429 0.0 0 0.0038095238095238095 0 0.0 0 0.23238095238095238 0.0 0.0 0 0 1 
1 1 0.0 0.002793296089385475 0.0 0.08379888268156424 0.055865921787709494 0.0 0 0.013966480446927373 0 0.0 0 0.08379888268156424 0.0 0.0 0 0 1 
1 1 0.0 0.00804289544235925 0.0 0.09651474530831099 0.05361930294906166 0.0 0 0.005361930294906166 0 0.0 0 0.12332439678284182 0.0 0.0 0 0 1 
1 1 0.0 0.020833333333333332 0.0 0.05555555555555555 0.06944444444444445 0.0 0 0.013888888888888888 0 0.0 0 0.09722222222222222 0.0 0.0 0 0 1 
1 1 0.0 0.020833333333333332 0.0 0.05555555555555555 0.06944444444444445 0.0 0 0.013888888888888888 0 0.0 0 0.09722222222222222 0.0 0.0 0 0 1 
1 1 0.0 0.014925373134328358 0.0 0.04477611940298507 0.12437810945273632 0.0 0 0.009950248756218905 0 0.0 0 0.04477611940298507 0.0 0.0 0 0 1 
1 1 0.0 0.006379585326953748 0.0 0.10047846889952153 0.05263157894736842 0.0 0 0.017543859649122806 0 0.001594896331738437 0 0.10366826156299841 0.0 0.001594896331738437 0 0 1 
1 1 0.0 0.006379585326953748 0.0 0.10047846889952153 0.05263157894736842 0.0 0 0.017543859649122806 0 0.001594896331738437 0 0.10366826156299841 0.0 0.001594896331738437 0 0 1 
1 1 0.0 0.007042253521126761 0.0 0.107981220657277 0.06338028169014084 0.002347417840375587 0 0.02112676056338028 0 0.0 0 0.07981220657276995 0.0 0.011737089201877934 0 0 1 
1 1 0.0 0.026455026455026454 0.0 0.09523809523809523 0.05291005291005291 0.0 0 0.010582010582010581 0 0.0 0 0.20634920634920634 0.0 0.0 0 0 1 
1 1 0.0 0.013452914798206279 0.0 0.1210762331838565 0.03587443946188341 0.0 0 0.0 0 0.0 0 0.08968609865470852 0.0 0.0 0 0 1 
1 1 0.0 0.0 0.0 0.06666666666666667 0.06666666666666667 0.0 0 0.03333333333333333 0 0.0 0 0.13333333333333333 0.0 0.03333333333333333 0 0 1 
1 1 0.0 0.01904761904761905 0.0 0.06857142857142857 0.03428571428571429 0.0 0 0.0038095238095238095 0 0.0 0 0.23238095238095238 0.0 0.0 0 0 1 
1 1 0.0 0.020833333333333332 0.0 0.05555555555555555 0.06944444444444445 0.0 0 0.013888888888888888 0 0.0 0 0.09722222222222222 0.0 0.0 0 0 1 
1 1 0.0 0.020833333333333332 0.0 0.05555555555555555 0.06944444444444445 0.0 0 0.013888888888888888 0 0.0 0 0.09722222222222222 0.0 0.0 0 0 1 
1 1 0.0 0.014925373134328358 0.0 0.04477611940298507 0.12437810945273632 0.0 0 0.009950248756218905 0 0.0 0 0.04477611940298507 0.0 0.0 0 0 1 
1 1 0.0 0.006379585326953748 0.0 0.10047846889952153 0.05263157894736842 0.0 0 0.017543859649122806 0 0.001594896331738437 0 0.10366826156299841 0.0 0.001594896331738437 0 0 1 
1 1 0.0 0.006379585326953748 0.0 0.10047846889952153 0.05263157894736842 0.0 0 0.017543859649122806 0 0.001594896331738437 0 0.10366826156299841 0.0 0.001594896331738437 0 0 1 
1 1 0.0 0.007042253521126761 0.0 0.107981220657277 0.06338028169014084 0.002347417840375587 0 0.02112676056338028 0 0.0 0 0.07981220657276995 0.0 0.011737089201877934 0 0 1 
1 1 0.0 0.038461538461538464 0.0 0.05128205128205128 0.0 0.0 0 0.02564102564102564 0 0.0 0 0.10256410256410256 0.0 0.0 0 0 1 
1 1 0.0 0.0125 0.0 0.0625 0.0625 0.0 0 0.0125 0 0.0 0 0.15 0.0 0.0 0 0 1 
1 1 0.0 0.02531645569620253 0.0 0.06329113924050633 0.10126582278481013 0.0 0 0.05063291139240506 0 0.0 0 0.27848101265822783 0.0 0.0 0 0 1 
1 1 0.0 0.0 0.0 0.08433734939759036 0.04819277108433735 0.0 0 0.04819277108433735 0 0.0 0 0.12048192771084337 0.0 0.0 0 0 1 
1 1 0.0 0.0 0.0 0.1282051282051282 0.05128205128205128 0.01282051282051282 0 0.01282051282051282 0 0.0 0 0.15384615384615385 0.0 0.0 0 0 1 
1 1 0.0 0.0 0.0 0.09210526315789473 0.05263157894736842 0.0 0 0.013157894736842105 0 0.0 1 0.10526315789473684 0.0 0.0 0 0 1 
1 1 0.0 0.0 0.0 0.09210526315789473 0.05263157894736842 0.0 0 0.013157894736842105 0 0.0 1 0.10526315789473684 0.0 0.0 0 0 1 
1 1 0.0 0.014084507042253521 0.0 0.07042253521126761 0.056338028169014086 0.0 0 0.0 0 0.0 0 0.056338028169014086 0.0 0.0 0 0 1 
1 1 0.0 0.0356718192627824 0.0 0.06420927467300833 0.07609988109393578 0.0 0 0.009512485136741973 0 0.0 4 0.13079667063020214 0.0 0.0 0 0 1 
1 1 0.0 0.0 0.0 0.08333333333333333 0.09523809523809523 0.0 0 0.011904761904761904 0 0.0 0 0.08333333333333333 0.0 0.0 0 0 1 
1 1 0.0 0.0 0.0 0.01282051282051282 0.10256410256410256 0.0 0 0.01282051282051282 0 0.0 0 0.07692307692307693 0.0 0.0 0 0 1 
1 1 0.0 0.0 0.0 0.07317073170731707 0.036585365853658534 0.0 0 0.012195121951219513 0 0.0 0 0.0975609756097561 0.0 0.0 0 0 1 
1 1 0.0 0.0 0.0 0.07317073170731707 0.036585365853658534 0.0 0 0.012195121951219513 0 0.0 0 0.0975609756097561 0.0 0.0 0 0 1 
1 1 0.0 0.0 0.0 0.06666666666666667 0.2 0.0 0 0.0 0 0.0 0 0.0 0.0 0.0 0 0 1 
1 1 0.0 0.033707865168539325 0.0 0.0898876404494382 0.033707865168539325 0.0 0 0.0 0 0.0 0 0.11235955056179775 0.0 0.0 0 0 1 
1 1 0.0 0.08235294117647059 0.0 0.10588235294117647 0.058823529411764705 0.0 0 0.0 0 0.0 0 0.16470588235294117 0.0 0.0 0 0 1 
1 1 0.0 0.0 0.0 0.045454545454545456 0.13636363636363635 0.011363636363636364 0 0.03409090909090909 0 0.0 0 0.03409090909090909 0.0 0.022727272727272728 0 0 1 
1 1 0.0 0.011494252873563218 0.0 0.04597701149425287 0.08045977011494253 0.0 0 0.0 0 0.0 0 0.04597701149425287 0.0 0.0 0 0 1 
1 1 0.0 0.013888888888888888 0.0 0.08333333333333333 0.041666666666666664 0.0 0 0.0 0 0.0 0 0.05555555555555555 0.0 0.0 0 0 1 
1 1 0.0 0.02127659574468085 0.0 0.02127659574468085 0.0425531914893617 0.0 0 0.0 0 0.0 0 0.1276595744680851 0.0 0.0 0 0 1 
1 1 0.0 0.0 0.0 0.06521739130434782 0.07608695652173914 0.0 0 0.010869565217391304 0 0.0 0 0.06521739130434782 0.0 0.0 0 0 1 
1 1 0.0 0.0273972602739726 0.0 0.0547945205479452 0.0821917808219178 0.0 0 0.0 0 0.0 0 0.0684931506849315 0.0 0.0 0 0 1 
1 1 0.0 0.0 0.0 0.046511627906976744 0.023255813953488372 0.0 0 0.16279069767441862 0 0.0 0 0.26744186046511625 0.0 0.0 0 0 1 
1 1 0.0 0.014084507042253521 0.0 0.07042253521126761 0.04225352112676056 0.0 0 0.04225352112676056 0 0.0 0 0.14084507042253522 0.0 0.0 0 0 1 
1 1 0.0 0.0 0.0 0.031746031746031744 0.14285714285714285 0.0 0 0.031746031746031744 0 0.0 0 0.015873015873015872 0.0 0.0 0 0 1 
1 1 0.0 0.0 0.0 0.031746031746031744 0.14285714285714285 0.0 0 0.031746031746031744 0 0.0 0 0.015873015873015872 0.0 0.0 0 0 1 
1 1 0.0 0.038461538461538464 0.0 0.11538461538461539 0.0641025641025641 0.0 0 0.01282051282051282 0 0.0 0 0.14102564102564102 0.0 0.0 0 0 1 
1 1 0.0 0.028169014084507043 0.0 0.08450704225352113 0.09859154929577464 0.0 0 0.0 0 0.0 0 0.08450704225352113 0.0 0.0 0 0 1 
1 1 0.0 0.012048192771084338 0.0 0.04819277108433735 0.024096385542168676 0.0 0 0.03614457831325301 0 0.0 0 0.3132530120481928 0.0 0.0 0 0 1 
1 1 0.0 0.0 0.0 0.03488372093023256 0.13953488372093023 0.0 0 0.011627906976744186 0 0.0 0 0.20930232558139536 0.0 0.0 0 0 1 
1 1 0.0 0.01098901098901099 0.0 0.04945054945054945 0.08241758241758242 0.0 0 0.008241758241758242 0 0.0 0 0.08516483516483517 0.0 0.0 0 0 1 
1 1 0.0 0.0 0.0 0.09523809523809523 0.07142857142857142 0.0 0 0.03571428571428571 0 0.0 0 0.08333333333333333 0.0 0.0 0 0 1 
1 1 0.0 0.029411764705882353 0.0 0.10294117647058823 0.058823529411764705 0.0 0 0.0 0 0.0 0 0.11764705882352941 0.0 0.0 0 0 1 
1 1 0.0 0.014925373134328358 0.0 0.13432835820895522 0.0 0.0 0 0.014925373134328358 0 0.0 0 0.11940298507462686 0.0 0.0 0 0 1 
1 1 0.0 0.014925373134328358 0.0 0.13432835820895522 0.0 0.0 0 0.014925373134328358 0 0.0 0 0.11940298507462686 0.0 0.0 0 0 1 
1 1 0.0 0.01818181818181818 0.0 0.03636363636363636 0.07272727272727272 0.0 0 0.0 0 0.0 0 0.12727272727272726 0.0 0.0 0 0 1 
1 1 0.0 0.0 0.0 0.06172839506172839 0.024691358024691357 0.0 0 0.024691358024691357 0 0.0 0 0.14814814814814814 0.0 0.0 0 0 1 
1 1 0.0 0.012195121951219513 0.0 0.07317073170731707 0.04878048780487805 0.0 0 0.012195121951219513 0 0.0 0 0.08536585365853659 0.0 0.0 0 0 1 
1 1 0.0 0.011627906976744186 0.0 0.03488372093023256 0.08139534883720931 0.0 0 0.0 0 0.0 0 0.12790697674418605 0.0 0.0 0 0 1 
1 1 0.0 0.05063291139240506 0.0 0.05063291139240506 0.1518987341772152 0.0 0 0.02531645569620253 0 0.0 0 0.12658227848101267 0.0 0.0 0 0 1 
1 1 0.0 0.05063291139240506 0.0 0.05063291139240506 0.1518987341772152 0.0 0 0.02531645569620253 0 0.0 0 0.12658227848101267 0.0 0.0 0 0 1 
1 1 0.0 0.044444444444444446 0.0 0.05555555555555555 0.07777777777777778 0.0 0 0.0 0 0.0 0 0.14444444444444443 0.0 0.0 0 0 1 
1 1 0.0 0.012987012987012988 0.0 0.09090909090909091 0.03896103896103896 0.0 0 0.025974025974025976 0 0.0 0 0.15584415584415584 0.0 0.0 0 0 1 
1 1 0.0 0.033707865168539325 0.0 0.0898876404494382 0.033707865168539325 0.0 0 0.0 0 0.0 0 0.11235955056179775 0.0 0.0 0 0 1 
1 1 0.0 0.0 0.0 0.0547945205479452 0.0684931506849315 0.0 0 0.0547945205479452 0 0.0 0 0.136986301369863 0.0 0.0 0 0 1 
1 1 0.0 0.01282051282051282 0.0 0.0641025641025641 0.07692307692307693 0.0 0 0.0 0 0.0 0 0.1282051282051282 0.0 0.0 0 0 1 
1 1 0.0 0.019230769230769232 0.0 0.07692307692307693 0.07692307692307693 0.0 0 0.019230769230769232 0 0.0 1 0.09615384615384616 0.0 0.0 0 0 1 
1 1 0.0 0.017241379310344827 0.0 0.034482758620689655 0.08620689655172414 0.0 0 0.017241379310344827 0 0.0 0 0.10344827586206896 0.0 0.0 0 0 1 
1 1 0.0 0.0 0.0 0.1 0.075 0.0 0 0.025 0 0.0 0 0.125 0.0 0.0 0 0 1 
1 1 0.0 0.012195121951219513 0.0 0.07317073170731707 0.04878048780487805 0.0 0 0.012195121951219513 0 0.0 0 0.08536585365853659 0.0 0.0 0 0 1 
1 1 0.0 0.011904761904761904 0.0 0.047619047619047616 0.047619047619047616 0.0 0 0.047619047619047616 0 0.0 0 0.16666666666666666 0.0 0.0 0 0 1 
1 1 0.0 0.0 0.0 0.03125 0.109375 0.015625 0 0.046875 0 0.0 0 0.15625 0.0 0.0 0 0 1 
1 1 0.0 0.012048192771084338 0.0 0.060240963855421686 0.0963855421686747 0.0 0 0.024096385542168676 0 0.0 0 0.0963855421686747 0.0 0.0 0 0 1 
1 1 0.0 0.0 0.0 0.0784313725490196 0.0 0.0 0 0.0 0 0.0 0 0.27450980392156865 0.0 0.0 0 0 1 
1 1 0.0 0.013157894736842105 0.0 0.02631578947368421 0.06578947368421052 0.0 0 0.02631578947368421 0 0.0 0 0.11842105263157894 0.0 0.0 0 0 1 
1 1 0.0 0.0 0.0 0.0547945205479452 0.0410958904109589 0.0 0 0.0273972602739726 0 0.0 0 0.2054794520547945 0.0 0.0 0 0 1 
1 1 0.0 0.011904761904761904 0.0 0.07142857142857142 0.03571428571428571 0.0 0 0.011904761904761904 0 0.0 0 0.05952380952380952 0.0 0.0 0 0 1 
1 1 0.0 0.017857142857142856 0.0 0.03571428571428571 0.125 0.0 0 0.0 0 0.0 0 0.05357142857142857 0.0 0.0 0 0 1 
1 1 0.0 0.0 0.0 0.01282051282051282 0.10256410256410256 0.0 0 0.01282051282051282 0 0.0 0 0.07692307692307693 0.0 0.0 0 0 1 
1 1 0.0 0.016666666666666666 0.0 0.06666666666666667 0.06666666666666667 0.0 0 0.0 0 0.0 0 0.08333333333333333 0.0 0.0 0 0 1 
1 1 0.0 0.05084745762711865 0.0 0.06779661016949153 0.05084745762711865 0.0 0 0.0 0 0.0 0 0.01694915254237288 0.0 0.0 0 0 1 
1 1 0.0 0.0 0.0 0.02666666666666667 0.14666666666666667 0.013333333333333334 0 0.0 0 0.0 0 0.05333333333333334 0.0 0.0 0 0 1 
1 1 0.0 0.0 0.0 0.10144927536231885 0.043478260869565216 0.0 0 0.043478260869565216 0 0.0 1 0.08695652173913043 0.0 0.0 0 0 1 
